test_loss: 0.039461416070875915
test_mses: [2.97278137 1.00940327 1.24294916 1.25249879 1.09345278 0.81661925
 1.19003349 1.16971747 1.18842499 0.17633687]
test_maes: [1.5241083  0.44455213 0.71386209 0.43555276 0.59852488 0.68729771
 0.93956602 0.40282173 0.3743199  0.39428638]

