test_loss: 0.040493098937946816
test_mses: [4.31982086 1.10806679 1.17513769 1.19739692 1.18281874 1.04370892
 1.1588287  1.19067068 1.1422302  0.02308199]
test_maes: [1.54962013 0.36468324 0.45418671 0.39489973 0.35235573 0.44712829
 0.33915184 0.37126582 0.39582046 0.04344166]

