test_loss: 0.03697462865839834
test_mses: [2.80483917 0.61309553 1.33714654 1.25426939 1.26809289 0.94735284
 0.78400515 1.29021415 0.98111145 0.05476174]
test_maes: [1.41157394 0.37433063 0.53284595 0.50954393 0.71104341 0.37364711
 0.5765827  0.44693468 0.40324228 0.15553803]

