test_loss: 0.03841916244962941
test_mses: [2.83672185 0.78076909 1.25320641 1.39553498 1.53840388 0.80508707
 0.89434828 1.28616646 0.90973509 0.05440866]
test_maes: [1.47689175 0.3898663  0.4494603  0.48510774 1.022416   0.45294732
 0.39995946 0.460354   0.64766268 0.14642478]

